0 0
1 1
2 2
3 3
4 4
5 1
6 2
7 3
8 2
9 4
10 1
11 5
12 6
13 2
14 7
15 8
16 9
17 10
18 2
19 7
20 8
21 9
22 4
23 11
24 12
25 13
26 14
27 2
28 7
29 8
30 15
31 16
32 17
33 13
34 18
35 19
36 20
37 21
38 22
39 0
40 11
41 12
42 13
43 23
44 24
45 2
46 7
47 8
48 25
49 0
50 11
51 12
52 13
53 18
54 19
55 20
56 21
57 5
58 16
59 17
60 13
61 23
62 26
63 27
64 28
65 22
66 0
67 29
68 12
69 13
70 23
71 26
72 27
73 28
74 25
75 0
76 29
77 12
78 13
79 23
80 30
81 25
82 0
83 11
84 12
85 13
86 18
87 19
88 20
89 21
90 25
91 0
92 11
93 12
94 13
95 23
96 24
97 2
98 7
99 8
100 5
101 16
102 17
103 13
104 23
105 31
106 32
107 33
108 34
109 16
110 17
111 13
112 23
113 35
114 32
115 36
116 22
117 0
118 11
119 12
120 13
121 23
122 31
123 32
124 33
125 25
126 0
127 11
128 12
129 13
130 23
131 35
132 32
133 36
134 25
135 0
136 11
137 12
138 13
139 23
140 26
141 27
142 28
143 25
144 0
145 11
146 12
147 13
148 23
149 30
150 25
151 0
152 11
153 12
154 13
155 18
156 19
157 20
158 21
159 25
160 0
161 11
162 12
163 13
164 23
165 24
166 2
167 7
168 8
169 5
170 16
171 17
172 37
173 23
174 31
175 32
176 38
177 34
178 16
179 17
180 37
181 23
182 35
183 32
184 39
185 22
186 40
187 31
188 32
189 38
190 3
191 41
192 35
193 32
194 39
195 25
196 40
197 31
198 32
199 33
200 3
201 41
202 35
203 32
204 36
205 25
206 0
207 29
208 12
209 37
210 23
211 26
212 27
213 28
214 25
215 0
216 29
217 12
218 37
219 23
220 30
221 25
222 0
223 29
224 12
225 37
226 18
227 19
228 20
229 21
230 25
231 0
232 11
233 12
234 13
235 23
236 24
237 2
238 7
239 8
240 5
241 16
242 17
243 42
244 43
245 17
246 42
247 44
248 32
249 45
250 34
251 46
252 23
253 9
254 47
255 23
256 9
257 48
258 49
259 50
260 5
261 0
262 29
263 12
264 24
265 51
266 12
267 24
268 31
269 32
270 45
271 5
272 52
273 53
274 13
275 23
276 3
277 54
278 55
279 56
280 25
281 52
282 53
283 13
284 23
285 31
286 32
287 57
288 15
289 0
290 29
291 12
292 24
293 51
294 12
295 31
296 32
297 57
298 25
299 40
300 31
301 32
302 45
303 9
304 54
305 58
306 59
307 60
308 25
309 0
310 11
311 12
312 13
313 23
314 31
315 32
316 38
317 25
318 0
319 11
320 12
321 13
322 23
323 35
324 32
325 39
326 25
327 0
328 11
329 12
330 13
331 23
332 31
333 32
334 33
335 25
336 0
337 11
338 12
339 13
340 23
341 35
342 32
343 36
344 25
345 0
346 11
347 12
348 13
349 23
350 26
351 27
352 28
353 25
354 0
355 11
356 12
357 13
358 23
359 30
360 25
361 0
362 11
363 12
364 13
365 18
366 19
367 20
368 21
369 25
370 0
371 11
372 12
373 13
374 23
375 24
376 2
377 7
378 8
379 5
380 61
381 62
382 9
383 63
384 62
385 9
386 63
387 62
388 9
389 63
390 62
391 64
392 65
393 17
394 24
395 29
396 17
397 66
398 32
399 62
400 22
401 40
402 66
403 62
404 9
405 41
406 31
407 32
408 57
409 64
410 40
411 31
412 32
413 45
414 9
415 2
416 9
417 67
418 59
419 60
420 64
421 0
422 29
423 12
424 24
425 51
426 12
427 24
428 31
429 32
430 38
431 25
432 0
433 29
434 12
435 24
436 51
437 12
438 24
439 35
440 32
441 39
442 25
443 0
444 55
445 12
446 37
447 23
448 31
449 32
450 33
451 25
452 0
453 55
454 12
455 37
456 23
457 26
458 27
459 28
460 25
461 0
462 55
463 12
464 37
465 23
466 30
467 25
468 0
469 11
470 12
471 37
472 18
473 19
474 20
475 21
476 25
477 0
478 11
479 12
480 13
481 23
482 24
483 2
484 7
485 8
486 5
487 68
488 9
489 44
490 69
491 70
492 42
493 48
494 31
495 69
496 70
497 64
498 16
499 17
500 24
501 51
502 17
503 24
504 31
505 69
506 70
507 22
508 0
509 29
510 12
511 24
512 51
513 12
514 24
515 31
516 69
517 70
518 5
519 16
520 17
521 51
522 17
523 31
524 69
525 71
526 22
527 0
528 29
529 12
530 24
531 51
532 12
533 31
534 69
535 71
536 25
537 40
538 31
539 69
540 70
541 3
542 41
543 66
544 32
545 62
546 25
547 40
548 31
549 32
550 45
551 3
552 41
553 31
554 32
555 57
556 25
557 0
558 11
559 12
560 13
561 23
562 24
563 2
564 24
565 17
566 56
567 25
568 40
569 31
570 32
571 33
572 3
573 41
574 31
575 32
576 38
577 25
578 40
579 35
580 32
581 36
582 3
583 41
584 35
585 32
586 39
587 25
588 0
589 55
590 12
591 37
592 23
593 26
594 27
595 28
596 25
597 0
598 11
599 12
600 13
601 23
602 30
603 15
604 52
605 11
606 12
607 13
608 18
609 19
610 20
611 21
612 22
613 0
614 11
615 12
616 13
617 23
618 24
619 2
620 7
621 8
622 5
623 65
624 17
625 24
626 29
627 17
628 24
629 35
630 32
631 72
632 22
633 0
634 29
635 12
636 24
637 51
638 12
639 35
640 32
641 72
642 15
643 16
644 17
645 24
646 51
647 17
648 24
649 66
650 32
651 73
652 22
653 0
654 51
655 12
656 24
657 29
658 12
659 24
660 66
661 32
662 73
663 25
664 0
665 55
666 12
667 24
668 55
669 12
670 24
671 35
672 32
673 72
674 25
675 0
676 55
677 12
678 37
679 23
680 31
681 69
682 71
683 25
684 40
685 31
686 69
687 70
688 9
689 41
690 31
691 32
692 57
693 64
694 40
695 31
696 32
697 45
698 9
699 54
700 58
701 59
702 60
703 64
704 0
705 11
706 12
707 13
708 23
709 31
710 32
711 38
712 25
713 0
714 11
715 12
716 13
717 23
718 35
719 32
720 39
721 25
722 0
723 55
724 12
725 37
726 23
727 31
728 32
729 33
730 25
731 0
732 11
733 12
734 13
735 23
736 35
737 32
738 36
739 25
740 0
741 11
742 12
743 13
744 23
745 26
746 27
747 28
748 25
749 0
750 11
751 12
752 13
753 23
754 30
755 64
756 0
757 11
758 12
759 13
760 18
761 19
762 20
763 21
764 64
765 0
766 11
767 12
768 13
769 23
770 24
771 2
772 7
773 8
774 5
775 52
776 11
777 12
778 13
779 23
780 3
781 74
782 17
783 75
784 25
785 76
786 23
787 9
788 77
789 23
790 9
791 78
792 17
793 53
794 25
795 76
796 23
797 20
798 17
799 53
800 24
801 4
802 75
803 5
804 79
805 9
806 80
807 17
808 58
809 59
810 60
811 81
812 0
813 55
814 82
815 23
816 3
817 54
818 55
819 56
820 5
821 83
822 78
823 84
824 85
825 23
826 86
827 87
828 68
829 9
830 4
831 13
832 18
833 19
834 20
835 21
836 64
837 0
838 11
839 9
840 4
841 13
842 23
843 24
844 2
845 7
846 8
847 64
848 88
849 4
850 29
851 37
852 23
853 31
854 32
855 73
856 25
857 88
858 4
859 29
860 37
861 23
862 35
863 32
864 72
865 89
866 88
867 4
868 55
869 37
870 23
871 24
872 31
873 69
874 71
875 25
876 88
877 31
878 69
879 70
880 3
881 78
882 66
883 32
884 62
885 25
886 88
887 31
888 32
889 45
890 3
891 78
892 31
893 32
894 57
895 25
896 90
897 50
898 91
899 92
900 24
901 91
902 92
903 24
904 17
905 56
906 64
907 93
908 4
909 55
910 37
911 23
912 31
913 32
914 38
915 25
916 88
917 4
918 55
919 37
920 23
921 35
922 32
923 39
924 25
925 88
926 4
927 55
928 37
929 23
930 31
931 32
932 33
933 25
934 88
935 4
936 55
937 37
938 23
939 35
940 32
941 36
942 25
943 88
944 4
945 55
946 37
947 23
948 26
949 20
950 28
951 25
952 68
953 9
954 4
955 55
956 37
957 23
958 30
959 64
960 0
961 11
962 91
963 13
964 18
965 19
966 20
967 21
968 64
969 94
970 17
971 9
972 95
973 17
974 24
975 2
976 7
977 8
978 25
